D:\0 ICPMS Data\User Data\M Beeskow\21_08_24_Qtz.b\21_08_24_b14.d
Intensity Vs Time,CPS
Acquired      : 24/08/2021 13:26:50 using Batch 21_08_24_Qtz.b
Time [Sec],Li7,Be9,B11,Na23,Al27,Si29,Ti47,Ti49,Mn55,Fe57,Ga69,Ga71,Ge72,Ge73,Sn118
0.3446,200.00,0.00,50.00,164522.63,1200.05,71274.41,100.00,50.00,17160.31,7802.13,0.00,0.00,1000.04,0.00,200.00
0.6446,100.00,0.00,100.00,174740.44,1300.06,73284.38,100.00,150.00,19062.72,8152.33,100.00,0.00,950.03,0.00,150.00
0.9446,100.00,0.00,100.00,166140.83,1900.12,71475.40,50.00,100.00,19513.32,6851.65,0.00,0.00,1350.06,0.00,300.00
1.2446,200.00,0.00,50.00,169883.57,1400.07,76299.84,50.00,50.00,17360.55,7301.87,0.00,0.00,1100.04,50.00,300.00
1.5446,300.00,0.00,50.00,172514.17,1100.04,73585.89,50.00,100.00,19212.92,7201.82,100.00,0.00,900.03,0.00,100.00
1.8447,150.00,0.00,50.00,174740.44,700.02,68460.93,50.00,150.00,17260.43,6901.67,50.00,0.00,1650.10,0.00,200.00
2.1447,200.00,0.00,0.00,168669.60,1500.08,66853.47,50.00,50.00,15508.42,6401.44,50.00,0.00,700.02,50.00,100.00
2.4447,200.00,0.00,50.00,169276.57,1800.11,68159.52,50.00,100.00,17710.98,8402.47,50.00,0.00,1400.07,0.00,100.00
2.7447,350.00,0.00,50.00,166241.97,2000.14,77405.66,0.00,100.00,16709.77,8002.24,0.00,0.00,700.02,0.00,50.00
3.0447,200.00,0.00,0.00,170085.90,1400.07,67456.25,50.00,200.00,17861.16,8002.24,50.00,0.00,700.02,0.00,250.00
3.3447,400.01,0.00,50.00,166646.55,1300.06,74993.06,0.00,50.00,17560.79,8802.72,0.00,0.00,1150.05,0.00,150.00
3.6447,150.00,0.00,50.00,170692.94,900.03,72279.36,100.00,250.00,17510.73,7401.92,50.00,0.00,1150.05,0.00,400.01
3.9448,50.00,0.00,50.00,173424.88,1200.05,71274.41,300.00,150.00,17310.49,7902.19,0.00,0.00,1100.04,0.00,250.00
4.2448,150.00,0.00,50.00,176460.97,1700.10,67054.39,50.00,100.00,16960.07,8552.56,100.00,0.00,900.03,50.00,150.00
4.5448,250.00,0.00,50.00,170288.26,1600.09,72178.86,50.00,100.00,18261.67,7902.19,50.00,0.00,1350.06,0.00,50.00
4.8448,100.00,0.00,0.00,168264.97,1900.12,71877.37,50.00,300.00,17911.23,8302.42,150.00,0.00,1500.08,0.00,200.00
5.1448,150.00,0.00,50.00,167051.14,1400.07,72882.36,150.00,0.00,17560.79,9253.00,50.00,0.00,1550.09,50.00,200.00
5.4448,50.00,0.00,0.00,176157.32,1100.04,69666.64,100.00,200.00,17110.24,8102.30,0.00,0.00,950.03,0.00,150.00
5.7448,0.00,0.00,0.00,162297.92,700.02,76098.79,50.00,0.00,17360.55,8252.39,50.00,0.00,1050.04,50.00,300.00
6.0449,100.00,0.00,50.00,169580.07,1800.11,74993.06,0.00,0.00,16059.03,7351.90,0.00,0.00,1400.07,0.00,100.00
6.3449,100.00,0.00,150.00,171401.17,1000.03,71475.40,50.00,150.00,17710.98,7501.97,100.00,0.00,1300.06,0.00,300.00
6.6449,250.00,0.00,50.00,163005.75,900.03,74289.46,50.00,200.00,17560.79,8652.62,0.00,0.00,1100.04,100.00,150.00
6.9449,150.00,0.00,0.00,168264.97,1500.08,70269.53,0.00,50.00,19262.99,7251.84,50.00,50.00,1650.10,0.00,250.00
7.2449,250.00,0.00,50.00,179497.68,1900.12,77104.07,0.00,150.00,17510.73,7501.97,0.00,0.00,1400.07,0.00,100.00
7.5449,100.00,0.00,50.00,171704.71,800.02,72480.36,0.00,200.00,17310.49,7251.84,50.00,0.00,1100.04,0.00,150.00
7.8450,300.00,0.00,100.00,167051.14,1500.08,72681.35,50.00,50.00,19313.05,8352.45,50.00,0.00,950.03,0.00,300.00
8.1450,50.00,0.00,50.00,166039.69,2000.14,74892.55,0.00,150.00,18562.06,8402.47,150.00,0.00,1150.05,0.00,300.00
8.4450,100.00,0.00,150.00,172817.74,1600.09,71374.91,50.00,150.00,18111.48,6701.57,0.00,0.00,1350.06,0.00,100.00
8.7450,350.00,0.00,0.00,173424.88,1000.03,65949.35,100.00,0.00,18962.58,7652.05,100.00,0.00,1200.05,0.00,50.00
9.0450,150.00,0.00,0.00,164927.16,1100.04,68259.99,0.00,50.00,18161.54,8352.45,50.00,0.00,1350.06,0.00,200.00
9.3450,150.00,0.00,0.00,168366.13,2200.17,76601.42,100.00,100.00,18011.35,7101.77,0.00,0.00,1300.06,0.00,100.00
9.6451,400.01,50.00,50.00,174133.24,2300.18,75194.10,0.00,200.00,20064.09,8602.59,50.00,0.00,900.03,0.00,200.00
9.9451,100.00,0.00,150.00,172716.55,1200.05,69264.73,250.00,100.00,17160.31,7401.92,250.00,0.00,1000.04,100.00,150.00
10.2451,300.00,0.00,50.00,171907.07,1000.03,75596.18,50.00,0.00,17761.04,7001.72,150.00,0.00,1200.05,0.00,200.00
10.5451,150.00,0.00,0.00,167860.34,1900.12,75194.10,50.00,100.00,17260.43,8952.81,50.00,0.00,1300.06,0.00,50.00
10.8451,150.00,0.00,100.00,167658.03,1700.10,75897.74,100.00,50.00,16309.31,7802.13,50.00,0.00,850.03,50.00,200.00
11.1451,200.00,0.00,100.00,178991.52,1500.08,75294.62,0.00,200.00,17660.91,6751.60,100.00,0.00,1050.04,0.00,50.00
11.4451,100.00,0.00,100.00,172311.80,1800.11,74289.46,100.00,150.00,17010.13,8202.36,50.00,0.00,1050.04,50.00,200.00
11.7451,100.00,0.00,0.00,177675.59,700.02,71274.41,0.00,100.00,15958.91,8302.42,50.00,0.00,1300.06,0.00,150.00
12.0452,200.00,0.00,100.00,169681.23,1200.05,67355.79,100.00,0.00,17660.91,8302.42,0.00,0.00,1100.04,50.00,200.00
12.3452,50.00,0.00,100.00,169984.74,700.02,76701.95,100.00,50.00,16259.25,7702.08,150.00,0.00,1150.05,100.00,100.00
12.6452,200.00,0.00,50.00,169377.73,1100.04,68862.82,100.00,150.00,15458.36,8352.45,50.00,0.00,1050.04,50.00,350.00
12.9452,100.00,0.00,0.00,173323.69,1000.03,75596.18,100.00,200.00,17460.67,7752.11,0.00,0.00,1200.05,50.00,100.00
13.2452,200.00,0.00,0.00,172514.17,1200.05,73686.40,50.00,100.00,18211.61,6951.69,50.00,0.00,900.03,0.00,50.00
13.5452,150.00,50.00,0.00,175145.25,1200.05,73284.38,50.00,50.00,18712.25,7802.13,0.00,0.00,850.03,100.00,300.00
13.8453,150.00,0.00,100.00,169580.07,1900.12,73485.39,50.00,50.00,17560.79,6801.62,50.00,0.00,1600.09,0.00,50.00
14.1453,100.00,0.00,0.00,168264.97,1700.10,79114.84,50.00,50.00,18612.12,8352.45,50.00,0.00,1300.06,0.00,100.00
14.4453,500.01,0.00,100.00,169478.89,1300.06,73485.39,100.00,150.00,15558.47,7401.92,50.00,0.00,1400.07,0.00,200.00
14.7453,100.00,0.00,0.00,170187.07,1500.08,67054.39,100.00,0.00,17060.19,7101.77,0.00,0.00,1150.05,50.00,150.00
15.0453,250.00,0.00,50.00,175853.70,1600.09,71173.92,0.00,100.00,16709.77,7802.13,100.00,0.00,1200.05,0.00,100.00
15.3453,100.00,0.00,0.00,163309.12,1200.05,69063.77,0.00,0.00,17610.85,6701.57,250.00,0.00,950.03,0.00,150.00
15.6453,100.00,50.00,50.00,171300.00,2000.14,66351.17,50.00,50.00,16559.60,7652.05,0.00,0.00,1600.09,0.00,200.00
15.9454,100.00,0.00,0.00,171704.71,1900.12,74289.46,50.00,150.00,16559.60,7301.87,100.00,0.00,1350.06,0.00,100.00
16.2454,150.00,0.00,50.00,172615.36,1400.07,72781.86,50.00,100.00,18011.35,7702.08,0.00,0.00,1700.10,50.00,250.00
16.5454,150.00,0.00,150.00,165028.31,1300.06,76701.95,150.00,200.00,17610.85,7351.90,50.00,0.00,950.03,0.00,250.00
16.8454,250.00,0.00,50.00,167556.88,1600.09,71173.92,100.00,150.00,17410.61,7702.08,100.00,0.00,1050.04,50.00,100.00
17.1454,100.00,0.00,250.00,174841.64,1200.05,66652.55,100.00,50.00,18361.80,8652.62,50.00,0.00,1000.04,50.00,50.00
17.4454,200.00,0.00,100.00,175752.49,1400.07,71274.41,0.00,300.00,15708.64,7051.74,0.00,0.00,1350.06,50.00,200.00
17.7454,50.00,0.00,0.00,162297.92,700.02,71173.92,50.00,200.00,17560.79,6951.69,150.00,0.00,800.02,0.00,150.00
18.0455,250.00,0.00,0.00,165129.44,1800.11,66250.72,100.00,0.00,16859.95,7802.13,50.00,0.00,1100.04,50.00,150.00
18.3455,250.00,0.00,50.00,176764.61,1000.03,67556.71,50.00,0.00,20164.23,7451.95,50.00,0.00,650.01,0.00,300.00
18.6455,100.00,0.00,0.00,167253.43,1400.07,68762.35,100.00,200.00,18812.39,7301.87,0.00,0.00,1000.04,0.00,150.00
18.9455,50.00,0.00,100.00,174942.85,1600.09,75797.22,50.00,100.00,17961.29,7802.13,100.00,0.00,1450.07,0.00,350.00
19.2455,150.00,50.00,0.00,166140.83,1200.05,74289.46,150.00,0.00,16409.42,7852.16,0.00,0.00,800.02,0.00,150.00
19.5455,150.00,0.00,50.00,166039.69,1700.10,69666.64,50.00,100.00,18111.48,8302.42,50.00,0.00,1950.13,0.00,100.00
19.8456,350.00,0.00,0.00,164826.04,800.02,77707.27,50.00,100.00,18311.73,7451.95,50.00,0.00,1050.04,0.00,150.00
20.1456,200.00,0.00,0.00,164623.77,1000.03,72279.36,0.00,0.00,17010.13,7351.90,100.00,0.00,1050.04,100.00,350.00
20.4456,300.00,0.00,200.00,167961.50,1400.07,72480.36,100.00,50.00,18511.99,7401.92,0.00,0.00,1400.07,0.00,200.00
20.7456,50.00,0.00,100.00,169175.42,1000.03,71877.37,50.00,100.00,17710.98,7652.05,50.00,0.00,850.03,100.00,50.00
21.0456,200.00,0.00,50.00,170490.60,1000.03,71877.37,50.00,0.00,17811.10,7902.19,0.00,0.00,1200.05,50.00,50.00
21.3456,250.00,0.00,150.00,167354.59,1000.03,71374.91,0.00,100.00,19563.39,7902.19,50.00,0.00,950.03,50.00,100.00
21.6456,200.00,0.00,50.00,181725.01,1500.08,68862.82,50.00,200.00,17260.43,8252.39,0.00,0.00,1100.04,0.00,350.00
21.9457,250.00,0.00,0.00,172412.99,1600.09,71374.91,0.00,100.00,18111.48,7702.08,0.00,0.00,1350.06,50.00,450.01
22.2457,150.00,0.00,50.00,167253.43,2100.15,68963.30,50.00,0.00,19313.05,8102.30,0.00,0.00,1200.05,0.00,250.00
22.5457,200.00,50.00,0.00,175752.49,900.03,67255.32,0.00,50.00,18662.19,8352.45,50.00,0.00,1400.07,50.00,300.00
22.8457,200.00,0.00,50.00,179598.91,1400.07,77606.74,100.00,50.00,18562.06,8352.45,50.00,0.00,1200.05,0.00,100.00
23.1457,50.00,0.00,100.00,171097.64,1200.05,70068.57,0.00,150.00,18111.48,7952.22,50.00,0.00,700.02,50.00,100.00
23.4457,200.00,0.00,100.00,171198.82,700.02,68059.05,0.00,50.00,17110.24,7752.11,50.00,0.00,1150.05,50.00,50.00
23.7457,300.00,0.00,150.00,166343.12,1400.07,69164.25,150.00,100.00,17310.49,7852.16,0.00,0.00,950.03,50.00,50.00
24.0458,500.01,0.00,200.00,166444.26,1900.12,69063.77,50.00,0.00,18061.42,6751.60,50.00,0.00,1500.08,50.00,100.00
24.3458,250.00,0.00,0.00,176562.18,900.03,74088.44,0.00,100.00,16859.95,7351.90,100.00,0.00,1250.06,0.00,150.00
24.6458,150.00,0.00,50.00,176460.97,1700.10,75998.27,100.00,50.00,16459.48,6651.55,150.00,0.00,900.03,0.00,300.00
24.9458,100.00,0.00,200.00,167051.14,1400.07,71274.41,0.00,150.00,16960.07,7852.16,50.00,0.00,1300.06,0.00,100.00
25.2458,200.00,0.00,0.00,168871.92,1200.05,75797.22,0.00,0.00,18061.42,8302.42,100.00,0.00,1050.04,0.00,300.00
25.5458,200.00,0.00,0.00,165432.85,1200.05,71776.88,0.00,50.00,17710.98,7151.79,50.00,0.00,850.03,0.00,150.00
25.8459,100.00,0.00,50.00,165837.40,2200.17,66049.80,0.00,200.00,18311.73,8202.36,0.00,0.00,1400.07,50.00,200.00
26.1459,300.00,0.00,100.00,174335.64,1600.09,68963.30,50.00,50.00,20064.09,7552.00,150.00,0.00,1650.10,0.00,50.00
26.4459,400.01,0.00,50.00,171603.53,1600.09,69968.08,200.00,100.00,16659.71,7702.08,0.00,0.00,1000.04,0.00,150.00
26.7459,150.00,0.00,0.00,170490.60,1300.06,73585.89,0.00,0.00,18912.52,7001.72,0.00,0.00,1000.04,0.00,100.00
27.0459,300.00,0.00,50.00,174740.44,1400.07,68561.40,100.00,50.00,18712.25,7802.13,50.00,0.00,950.03,50.00,50.00
27.3459,100.00,0.00,100.00,166545.41,1500.08,75294.62,100.00,150.00,18762.32,8552.56,50.00,50.00,550.01,0.00,100.00
27.6459,50.00,0.00,0.00,169478.89,1500.08,70972.94,150.00,100.00,17460.67,7501.97,100.00,0.00,950.03,0.00,200.00
27.9460,150.00,0.00,50.00,171300.00,1100.04,69465.68,50.00,50.00,18862.45,6951.69,0.00,0.00,950.03,0.00,0.00
28.2460,200.00,0.00,100.00,176157.32,1600.09,70068.57,100.00,150.00,18211.61,8052.27,100.00,0.00,1550.09,0.00,50.00
28.5460,350.00,0.00,50.00,171401.17,1600.09,65246.19,50.00,50.00,18461.93,7251.84,50.00,0.00,1300.06,100.00,200.00
28.8460,250.00,0.00,50.00,171198.82,1600.09,72279.36,0.00,0.00,17510.73,5901.22,50.00,0.00,1350.06,0.00,150.00
29.1460,100.00,0.00,0.00,174436.83,1200.05,68862.82,250.00,50.00,18011.35,7552.00,50.00,0.00,900.03,50.00,200.00
29.4460,50.00,0.00,50.00,174538.04,1300.06,75395.14,100.00,250.00,17510.73,7952.22,0.00,0.00,1300.06,150.00,100.00
29.7460,50.00,50.00,0.00,169276.57,1800.11,69767.13,100.00,200.00,18111.48,8502.53,50.00,0.00,1100.04,0.00,50.00
30.0461,150.00,0.00,100.00,167354.59,1100.04,72078.36,150.00,150.00,17660.91,8202.36,50.00,0.00,1450.07,0.00,250.00
30.3461,100.00,0.00,0.00,169782.40,800.02,71173.92,150.00,250.00,20064.09,8602.59,50.00,0.00,1500.08,50.00,150.00
30.6461,0.00,0.00,0.00,162297.92,1500.08,69666.64,100.00,50.00,17861.16,7902.19,0.00,0.00,900.03,0.00,50.00
30.9461,0.00,0.00,50.00,169074.24,1400.07,71073.43,100.00,50.00,17010.13,6951.69,150.00,0.00,1000.04,0.00,350.00
31.2461,200.00,0.00,50.00,178586.60,1200.05,67456.25,50.00,50.00,18411.86,7752.11,0.00,0.00,1050.04,0.00,50.00
31.5461,150.00,0.00,50.00,170490.60,1100.04,74188.95,100.00,50.00,17210.37,7001.72,100.00,0.00,1250.06,50.00,150.00
31.8462,250.00,0.00,50.00,174538.04,2000.14,72580.85,100.00,100.00,18762.32,8102.30,0.00,0.00,1100.04,50.00,250.00
32.1462,150.00,0.00,100.00,175145.25,1600.09,71475.40,0.00,50.00,18912.52,6651.55,50.00,0.00,1100.04,0.00,300.00
32.4462,200.00,0.00,50.00,165837.40,2000.14,68762.35,150.00,50.00,17160.31,9303.03,50.00,0.00,1400.07,0.00,150.00
32.7462,300.00,0.00,50.00,167455.74,1800.11,70872.45,50.00,0.00,18061.42,7101.77,50.00,0.00,1250.06,0.00,300.00
33.0462,250.00,0.00,50.00,170895.29,1000.03,68561.40,0.00,50.00,18161.54,7401.92,50.00,0.00,950.03,0.00,150.00
33.3462,150.00,0.00,100.00,176865.83,1800.11,72480.36,150.00,50.00,16609.65,8052.27,100.00,0.00,1750.11,0.00,100.00
33.6462,150.00,0.00,0.00,170794.10,2000.14,74289.46,100.00,50.00,18461.93,7501.97,0.00,50.00,1600.09,50.00,200.00
33.9463,100.00,0.00,0.00,176258.54,1300.06,71374.91,300.00,100.00,17710.98,8552.56,100.00,0.00,1400.07,0.00,150.00
34.2463,200.00,0.00,100.00,173121.30,900.03,71575.89,50.00,0.00,15658.58,7902.19,200.00,0.00,1050.04,50.00,150.00
34.5463,350.00,0.00,50.00,164219.25,1800.11,74188.95,100.00,300.00,17710.98,8402.47,50.00,0.00,800.02,0.00,150.00
34.8463,100.00,0.00,100.00,167051.14,1200.05,66250.72,150.00,50.00,17360.55,8452.50,50.00,0.00,1800.11,0.00,100.00
35.1463,250.00,0.00,150.00,170692.94,1300.06,70068.57,150.00,150.00,16459.48,8102.30,100.00,0.00,1100.04,0.00,200.00
35.4463,200.00,0.00,0.00,170794.10,1600.09,76500.89,50.00,150.00,17110.24,9803.37,100.00,0.00,1550.09,50.00,150.00
35.7463,300.00,0.00,50.00,175954.91,1500.08,69867.60,100.00,100.00,17460.67,7702.08,100.00,0.00,850.03,0.00,200.00
36.0464,200.00,0.00,50.00,165837.40,1400.07,73987.93,100.00,100.00,14807.67,9403.10,0.00,0.00,850.03,0.00,100.00
36.3464,300.00,0.00,50.00,174436.83,1600.09,71073.43,250.00,100.00,18261.67,7001.72,0.00,0.00,900.03,0.00,150.00
36.6464,100.00,0.00,100.00,175448.88,700.02,74188.95,0.00,50.00,16709.77,7101.77,0.00,0.00,1350.06,50.00,100.00
36.9464,100.00,0.00,0.00,173222.50,2200.17,73585.89,100.00,100.00,16659.71,7501.97,250.00,0.00,850.03,0.00,250.00
37.2464,150.00,0.00,50.00,171401.17,1200.05,71073.43,0.00,50.00,19463.26,8002.24,100.00,0.00,1500.08,100.00,200.00
37.5464,0.00,0.00,0.00,171401.17,1400.07,70068.57,150.00,50.00,17360.55,6901.67,50.00,0.00,1550.09,0.00,100.00
37.8465,150.00,0.00,0.00,168062.66,1600.09,71274.41,100.00,50.00,18912.52,7752.11,100.00,0.00,1800.11,0.00,200.00
38.1465,0.00,0.00,100.00,169984.74,1100.04,67657.18,0.00,200.00,15908.86,8202.36,50.00,0.00,800.02,50.00,100.00
38.4465,300.00,0.00,50.00,161994.58,1500.08,75194.10,100.00,0.00,18211.61,7401.92,50.00,0.00,1100.04,100.00,100.00
38.7465,300.00,0.00,0.00,174335.64,2000.14,74591.00,0.00,50.00,18962.58,8102.30,50.00,0.00,900.03,0.00,100.00
39.0465,350.00,0.00,0.00,173020.12,1900.12,70872.45,100.00,0.00,18612.12,6601.53,100.00,50.00,1450.07,0.00,100.00
39.3465,50.00,0.00,50.00,170996.46,1600.09,71274.41,50.00,200.00,17360.55,8252.39,200.00,0.00,1200.05,0.00,250.00
39.6465,150.00,0.00,150.00,173020.12,1100.04,71274.41,150.00,150.00,16259.25,7702.08,0.00,0.00,1100.04,0.00,150.00
39.9466,200.00,0.00,0.00,174740.44,2000.14,71475.40,150.00,100.00,17660.91,7301.87,0.00,0.00,1200.05,0.00,150.00
40.2466,250.00,0.00,50.00,178485.38,1500.08,73083.37,50.00,200.00,18211.61,7401.92,50.00,0.00,1200.05,0.00,100.00
40.5466,250.00,50.00,0.00,163410.24,1500.08,64643.51,0.00,0.00,17761.04,7652.05,50.00,0.00,1150.05,0.00,150.00
40.8466,50.00,0.00,0.00,169478.89,1500.08,75093.58,150.00,100.00,17410.61,7451.95,50.00,0.00,1050.04,0.00,50.00
41.1466,100.00,0.00,100.00,168669.60,1400.07,69867.60,50.00,100.00,19212.92,7401.92,0.00,0.00,1600.09,0.00,300.00
41.4466,150.00,0.00,0.00,173121.30,800.02,68963.30,100.00,250.00,17961.29,8452.50,150.00,50.00,1200.05,150.00,19814.31
41.7467,250.00,0.00,150.00,222179.35,356003.47,7629883.59,800.02,150.00,19813.74,9803.37,300.00,50.00,2350.20,700.02,22167.91
42.0467,750.02,0.00,350.00,294034.03,551977.15,15138514.52,2450.21,300.00,21916.81,8302.42,450.01,150.00,3400.41,600.01,18612.63
42.3467,1200.05,0.00,400.01,349640.89,658682.13,22722066.67,2000.14,250.00,22567.82,7802.13,250.00,200.00,3800.51,950.03,12455.66
42.6467,900.03,0.00,250.00,315066.38,576709.38,28254161.15,1600.09,250.00,17961.29,8702.66,1050.04,0.00,2950.31,1400.07,14908.10
42.9467,4100.57,0.00,300.00,269160.69,432330.22,18219729.87,1800.11,400.01,19513.32,6801.62,500.01,9203.00,3000.32,650.01,9353.19
43.2467,1300.06,450.01,550.01,291279.59,383386.30,18556755.14,1050.04,100.00,20865.23,9353.07,450.01,100.00,4600.75,900.03,12205.43
43.5467,850.02,0.00,250.00,280572.73,924789.75,23369592.58,1500.08,300.00,18311.73,8602.59,650.01,50.00,3400.41,550.01,10303.87
43.8468,1000.03,0.00,400.01,568465.53,379595.25,24827934.48,1700.10,300.00,18912.52,8552.56,550.01,150.00,3450.42,950.03,3500.45
44.1468,850.02,0.00,250.00,278432.32,361434.96,26761189.20,2150.16,50.00,22918.38,8002.24,700.02,0.00,3750.50,900.03,17861.63
44.4468,1200.05,0.00,400.01,275477.00,352315.31,25689686.85,1750.11,200.00,18812.39,6751.60,450.01,50.00,4150.61,300.00,3300.40
44.7468,1250.05,0.00,300.00,281286.30,345351.25,26998024.87,2550.23,400.01,18211.61,7501.97,350.00,50.00,3850.52,1300.06,4800.84
45.0468,1100.04,0.00,200.00,276394.12,422754.88,27355057.02,2150.16,100.00,18511.99,7151.79,650.01,0.00,4000.57,600.01,2000.15
45.3468,1300.06,0.00,400.01,280063.09,322945.34,26872731.16,1400.07,100.00,18361.80,7401.92,450.01,0.00,4400.69,1050.04,1750.11
45.6469,1800.11,0.00,250.00,278636.16,304963.43,26604094.57,2000.14,100.00,18111.48,8502.53,550.01,0.00,4000.57,750.02,1550.09
45.9469,1000.03,50.00,350.00,271605.40,288635.33,26855434.03,2750.26,250.00,17360.55,7051.74,1000.04,0.00,3850.52,850.03,1450.08
46.2469,23068.03,0.00,500.01,280063.09,303431.91,26761404.07,1450.07,150.00,20114.16,8702.66,450.01,0.00,4000.57,800.02,850.03
46.5469,2000.14,0.00,300.00,273235.42,271306.57,27662418.15,1850.12,100.00,18812.39,7301.87,300.00,0.00,4850.83,900.03,650.02
46.8469,1450.07,50.00,200.00,251652.27,260002.95,27212991.43,2300.18,200.00,19363.12,8102.30,650.01,0.00,3300.39,1400.07,1000.04
47.1469,1100.04,0.00,250.00,257655.71,247284.06,27912707.14,2150.16,100.00,18712.25,6851.65,250.00,0.00,4150.61,650.01,750.02
47.4469,1250.05,0.00,250.00,261116.46,257967.19,27774473.42,1900.13,200.00,18962.58,8102.30,450.01,0.00,4200.62,950.03,450.01
47.7469,1350.06,0.00,400.01,256943.31,245250.05,25493044.01,1050.04,100.00,17310.49,7051.74,450.01,50.00,4750.80,800.02,750.02
48.0470,1600.09,0.00,600.01,252466.16,239048.10,25858432.26,1350.06,150.00,19363.12,7952.22,450.01,50.00,4200.62,950.03,300.00
48.3470,1000.03,0.00,200.00,252669.63,243419.68,25612870.44,1850.12,100.00,18311.73,7852.16,500.01,0.00,3750.50,750.02,350.00
48.6470,1300.06,0.00,350.00,243922.61,253794.75,26022187.90,1700.10,50.00,17911.23,6651.55,550.01,0.00,4000.57,750.02,200.00
48.9470,1800.11,0.00,450.01,246159.72,275178.30,25958598.00,2000.14,100.00,19062.72,8752.69,550.01,0.00,5000.89,600.01,250.00
49.2470,1100.04,50.00,150.00,266105.40,287207.47,26661536.77,2000.14,150.00,19012.65,7702.08,800.02,100.00,3200.36,700.02,100.00
49.5470,1600.09,0.00,200.00,260912.84,305678.20,25020554.46,1550.08,350.00,20264.37,6701.57,600.01,0.00,4300.65,650.01,400.01
49.8471,1200.05,0.00,150.00,270892.31,354773.97,25552993.04,1900.13,50.00,19663.53,8652.62,550.01,0.00,3500.43,700.02,100.00
50.1471,1400.07,0.00,350.00,266309.06,376715.38,25483709.05,2050.15,50.00,20314.44,7552.00,600.01,0.00,3450.42,550.01,250.00
50.4471,1300.06,0.00,350.00,260403.88,388930.62,24827086.93,1350.06,100.00,18712.25,7201.82,500.01,200.00,4150.61,1000.04,100.00
50.7471,1450.07,0.00,50.00,288117.70,414214.40,24540878.67,1950.13,50.00,17811.10,8102.30,1000.04,200.00,2900.30,850.03,200.00
51.0471,1400.07,0.00,150.00,274967.50,462951.12,24361616.51,2250.18,200.00,17811.10,6951.69,800.02,50.00,3650.47,600.01,50.00
51.3471,950.03,0.00,100.00,279451.54,514645.26,24364732.14,1800.11,500.01,19463.26,8052.27,700.02,150.00,3800.51,650.01,250.00
51.6471,3050.32,0.00,500.01,294238.09,509778.32,23824295.58,1600.09,150.00,17660.91,7702.08,750.02,150.00,3600.46,900.03,250.00
51.9472,1950.13,0.00,150.00,285568.29,497876.56,24634443.08,2000.14,150.00,18311.73,7852.16,750.02,300.00,5000.89,1000.04,400.01
52.2472,1750.10,0.00,300.00,291687.62,482676.95,23671092.51,1800.11,200.00,18311.73,8652.62,750.02,0.00,3150.35,600.01,150.00
52.5472,1600.09,0.00,200.00,275578.88,469661.13,24013167.25,1850.12,50.00,19413.19,7902.19,550.01,100.00,3700.48,600.01,0.00
52.8472,1150.04,0.00,50.00,284854.54,452221.44,23693367.48,1450.07,250.00,18511.99,6701.57,700.02,50.00,3650.47,700.02,200.00
53.1472,1400.07,0.00,350.00,283936.91,404753.56,23857540.91,1500.08,200.00,18812.39,7201.82,400.01,100.00,3900.54,850.03,200.00
53.4472,1200.05,0.00,150.00,300565.14,403622.80,24254288.41,1550.08,0.00,19863.81,7401.92,400.01,100.00,3650.47,550.01,100.00
53.7472,1250.05,0.00,300.00,279145.75,369329.59,25206131.44,1650.09,50.00,17510.73,8102.30,600.01,50.00,1850.12,950.03,150.00
54.0473,1000.03,50.00,200.00,296176.71,346375.17,25034198.77,1450.07,0.00,18511.99,8802.72,250.00,100.00,3600.46,850.03,0.00
54.3473,1000.03,0.00,450.01,275375.10,334809.06,22882396.30,1400.07,100.00,18111.48,7652.05,500.01,50.00,3500.43,1050.04,150.00
54.6473,1400.07,0.00,300.00,281082.42,325194.60,23520073.96,1450.07,350.00,16859.95,6351.41,550.01,100.00,3400.41,750.02,100.00
54.9473,1800.11,0.00,250.00,277718.90,327853.30,24151615.85,1650.09,150.00,17710.98,8352.45,450.01,100.00,4150.61,950.03,200.00
55.2473,1700.10,0.00,200.00,282305.71,342587.01,23964618.33,2350.19,100.00,17610.85,7401.92,600.01,0.00,3000.32,650.01,200.00
55.5473,1200.05,0.00,200.00,277616.99,344327.42,23402157.49,1600.09,50.00,16109.08,8052.27,650.01,100.00,3600.46,500.01,200.00
55.8474,1600.09,0.00,150.00,252160.94,335627.59,23555527.68,1750.11,200.00,16159.14,7001.72,550.01,6551.52,3700.48,450.01,100.00
56.1474,1400.07,0.00,350.00,258571.70,363690.14,24281959.03,1750.11,400.01,17660.91,7802.13,400.01,100.00,4100.60,650.01,150.00
56.4474,1450.07,0.00,350.00,253280.08,373637.52,23083897.62,1050.04,200.00,19313.05,7752.11,800.02,0.00,3650.47,750.02,300.00
56.7474,1650.09,0.00,200.00,259385.99,379075.51,24048119.61,1550.08,150.00,17510.73,7451.95,650.01,0.00,3550.45,550.01,250.00
57.0474,1900.12,0.00,450.01,259284.20,388622.53,23295211.38,2000.14,50.00,17761.04,7101.77,350.00,0.00,2800.28,650.01,150.00
57.3474,1650.09,0.00,450.01,259080.64,371380.81,23803011.41,1650.09,50.00,17811.10,8052.27,350.00,50.00,3100.34,950.03,200.00
57.6474,2000.14,0.00,200.00,273337.30,387903.71,24116221.81,1800.11,200.00,17260.43,7702.08,1000.04,200.00,3450.42,1100.04,550.01
57.9475,1350.06,0.00,200.00,269466.26,401669.85,23414691.63,1700.10,300.00,19413.19,7401.92,850.03,0.00,3600.46,1050.04,50.00
58.2475,950.03,0.00,200.00,263865.26,410511.62,23546885.09,1400.07,200.00,17911.23,7702.08,700.02,50.00,3750.50,800.02,250.00
58.5475,1000.03,0.00,250.00,272827.91,389957.57,22678877.59,1600.09,200.00,16960.07,7501.97,500.01,50.00,3300.39,750.02,150.00
58.8475,1050.04,0.00,300.00,269058.84,371996.24,23118981.29,1350.06,150.00,18211.61,7151.79,750.02,0.00,2700.26,700.02,0.00
59.1475,1250.05,0.00,350.00,269466.26,352827.49,23126633.09,1500.08,200.00,16809.89,7802.13,400.01,0.00,3700.48,450.01,200.00
59.4475,1250.05,0.00,300.00,270281.13,346579.96,22523155.75,2000.14,150.00,17160.31,9002.84,450.01,0.00,4250.64,900.03,350.00
59.7475,900.03,0.00,250.00,265188.94,337367.14,22413201.44,1750.11,300.00,17510.73,8652.62,350.00,50.00,4100.60,550.01,50.00
60.0476,1200.05,0.00,300.00,280266.94,307618.46,23630374.44,1900.13,9703.28,16609.65,8652.62,350.00,50.00,3900.54,800.02,200.00
60.3476,1050.04,0.00,150.00,287913.75,306086.65,22622975.30,1750.11,150.00,18511.99,7952.22,450.01,0.00,3550.45,400.01,100.00
60.6476,1300.06,50.00,200.00,294748.22,318652.20,24328383.11,1400.07,100.00,17911.23,7401.92,700.02,0.00,3000.32,900.03,350.00
60.9476,1200.05,0.00,250.00,280165.01,324376.64,23133198.59,1250.05,150.00,18812.39,9753.33,350.00,0.00,3150.35,900.03,100.00
61.2476,1550.08,50.00,450.01,281897.92,299654.81,23398803.11,1750.11,150.00,16509.54,5601.10,500.01,100.00,2700.26,800.02,250.00
61.5476,1450.07,50.00,200.00,274865.63,312317.02,21823165.48,1900.13,150.00,19012.65,7001.72,1000.04,0.00,3400.41,500.01,150.00
61.8477,1150.04,0.00,450.01,270688.57,327546.51,22271195.54,1750.11,100.00,18361.80,7301.87,200.00,50.00,3450.42,700.02,200.00
62.1477,1100.04,0.00,350.00,270077.42,339004.57,21992997.19,1300.06,250.00,18411.86,7852.16,400.01,0.00,3900.54,600.01,100.00
62.4477,1400.07,50.00,150.00,267938.50,372919.43,22487033.53,1800.11,250.00,19062.72,7552.00,400.01,50.00,4000.57,400.01,250.00
62.7477,1200.05,0.00,300.00,270586.72,369534.69,21994119.29,1300.06,100.00,19413.19,7702.08,500.01,0.00,2950.31,250.00,300.00
63.0477,1900.12,0.00,450.01,274152.37,367996.41,22647267.66,1450.07,100.00,18812.39,7401.92,750.02,150.00,3950.55,1050.04,100.00
63.3477,1500.08,0.00,350.00,271299.78,395093.38,24541571.03,1550.08,50.00,18662.19,9353.07,450.01,50.00,3900.54,600.01,100.00
63.6477,1300.06,0.00,200.00,267327.44,372303.98,22371755.20,2000.14,200.00,18261.67,6901.67,700.02,0.00,4250.64,450.01,150.00
63.9478,1700.10,0.00,600.01,291585.62,396018.02,23825095.38,2000.14,250.00,17360.55,8802.72,550.01,50.00,3400.41,600.01,200.00
64.2478,1650.09,0.00,250.00,282101.81,389957.57,22882336.62,1300.06,50.00,18111.48,8152.33,500.01,50.00,4200.62,1050.04,150.00
64.5478,1750.10,0.00,350.00,278126.56,412877.15,22539832.13,1950.13,100.00,17460.67,8052.27,250.00,0.00,3950.55,550.01,400.01
64.8478,1450.07,0.00,600.01,275986.47,423475.34,21784393.19,1950.13,150.00,18311.73,7552.00,600.01,0.00,3050.33,700.02,50.00
65.1478,1350.06,100.00,200.00,271401.66,390881.88,22389661.13,1600.09,200.00,17710.98,7401.92,650.01,50.00,3250.37,650.01,450.01
65.4478,1450.07,0.00,250.00,275171.29,383488.96,21418431.95,1650.09,0.00,17110.24,6701.57,500.01,50.00,3600.46,350.00,200.00
65.7478,1300.06,0.00,400.01,275069.41,391600.83,22229092.75,1000.03,150.00,17160.31,8552.56,650.01,0.00,3600.46,1000.04,150.00
66.0479,1200.05,0.00,250.00,278024.66,375689.36,21150583.22,1600.09,100.00,17911.23,6801.62,400.01,150.00,3800.51,950.03,200.00
66.3479,2050.14,0.00,300.00,284140.82,422548.97,21939482.36,1600.09,50.00,18762.32,6951.69,350.00,50.00,3750.50,600.01,200.00
66.6479,1550.08,0.00,350.00,286689.99,406912.57,22173238.21,1200.05,50.00,16209.19,8302.42,600.01,100.00,3900.54,600.01,200.00
66.9479,1500.08,50.00,300.00,273133.52,404136.77,21775965.47,1800.11,150.00,17861.16,8252.39,700.02,50.00,2400.20,800.02,50.00
67.2479,1250.05,0.00,250.00,294034.03,395093.38,21639964.02,1350.06,100.00,19162.85,8902.78,250.00,100.00,4000.57,850.03,50.00
67.5479,1300.06,0.00,400.01,263356.18,365125.44,20915215.83,1200.05,50.00,19262.99,8002.24,300.00,50.00,2900.30,550.01,150.00
67.8480,1250.05,0.00,300.00,264272.53,365433.01,21315174.46,1750.11,200.00,18562.06,7752.11,350.00,100.00,3100.34,550.01,450.01
68.1480,1250.05,0.00,250.00,255009.81,376612.77,21525031.87,1900.13,150.00,16960.07,8552.56,800.02,0.00,4150.61,900.03,200.00
68.4480,1000.03,0.00,150.00,256027.42,363895.17,21395022.94,1450.07,50.00,18311.73,7702.08,550.01,100.00,2800.28,550.01,400.01
68.7480,1450.07,0.00,200.00,264170.70,359282.62,20861521.94,1900.13,150.00,16910.01,7852.16,750.02,0.00,3250.37,700.02,150.00
69.0480,1700.10,0.00,450.01,260403.88,336446.19,20739869.10,1300.06,100.00,18662.19,8352.45,250.00,50.00,3300.39,750.02,100.00
69.3480,1550.08,0.00,50.00,261320.04,352725.02,20783392.43,1300.06,300.00,17060.19,7251.84,550.01,0.00,2900.30,600.01,100.00
69.6480,1150.04,0.00,600.01,271197.92,342689.40,21208252.23,1300.06,100.00,17811.10,8052.27,250.00,0.00,3250.37,750.02,100.00
69.9481,950.03,0.00,150.00,268244.04,350881.25,21490425.69,1650.09,100.00,17560.79,8852.75,350.00,0.00,3600.46,500.01,150.00
70.2481,1350.06,50.00,300.00,257757.50,336241.53,21110378.45,2000.14,150.00,17861.16,8202.36,400.01,50.00,2750.27,750.02,350.00
70.5481,1400.07,0.00,400.01,255416.85,363997.68,20337654.33,1400.07,50.00,19863.81,7902.19,300.00,0.00,3800.51,600.01,250.00
70.8481,1300.06,0.00,550.01,286282.08,347501.56,20519996.31,1450.07,100.00,18662.19,6201.35,600.01,0.00,3550.45,750.02,300.00
71.1481,1200.05,0.00,300.00,281490.16,342791.77,19626765.33,3200.36,100.00,17911.23,7201.82,700.02,50.00,3650.47,700.02,150.00
71.4481,1000.03,0.00,550.01,277209.35,357847.90,20813080.45,1650.09,50.00,18411.86,6001.26,500.01,0.00,3750.50,750.02,50.00
71.7481,1700.10,0.00,550.01,296993.09,369021.92,20831380.30,1550.08,150.00,17010.13,7501.97,400.01,100.00,3350.40,950.03,2200.18
72.0482,1150.04,0.00,500.01,285466.33,395709.81,20478227.76,1300.06,200.00,18962.58,7952.22,200.00,0.00,3150.35,450.01,400.01
72.3482,1150.04,0.00,300.00,293523.90,366560.86,20756449.99,1350.06,100.00,20264.37,7852.16,400.01,0.00,3300.39,800.02,300.00
72.6482,1100.04,50.00,300.00,273235.42,359385.11,20522765.76,1150.05,100.00,16059.03,7151.79,650.01,50.00,3100.34,800.02,50.00
72.9482,1150.04,0.00,350.00,273133.52,364920.36,20685458.97,1600.09,250.00,19813.74,7702.08,50.00,150.00,3200.36,550.01,200.00
73.2482,900.03,0.00,500.01,283427.15,364305.22,21484695.80,1000.03,100.00,17460.67,8002.24,200.00,0.00,3900.54,450.01,150.00
73.5482,1500.08,50.00,250.00,288627.64,384310.21,20650960.23,1400.07,250.00,17911.23,8102.30,350.00,100.00,3200.36,800.02,250.00
73.8483,1350.06,0.00,450.01,283427.15,361947.46,20310855.13,1900.13,150.00,17710.98,7501.97,600.01,5300.99,3350.40,1000.04,150.00
74.1483,1350.06,0.00,350.00,294136.04,376510.16,20225479.70,1700.10,250.00,18311.73,7401.92,500.01,0.00,2650.25,1100.04,100.00
74.4483,1250.05,50.00,250.00,289341.58,367176.07,20232152.64,2000.14,100.00,16409.42,7652.05,350.00,0.00,3950.55,1000.04,50.00
74.7483,1450.07,0.00,350.00,279349.61,345760.82,20168312.05,1450.07,250.00,19212.92,7401.92,550.01,0.00,3500.43,900.03,250.00
75.0483,1100.04,0.00,400.01,285772.24,343917.90,20587728.45,1400.07,0.00,18111.48,7952.22,550.01,0.00,3700.48,250.00,0.00
75.3483,1300.06,0.00,150.00,276496.00,319163.21,20597373.77,1700.10,100.00,18161.54,8702.66,650.01,50.00,3300.39,300.00,200.00
75.6483,1300.06,0.00,400.01,273337.30,304044.51,20122819.07,1650.09,100.00,19162.85,7652.05,150.00,50.00,3350.40,500.01,100.00
75.9484,1050.04,0.00,500.01,296788.99,280783.89,19937385.34,1200.05,100.00,18662.19,7852.16,200.00,50.00,3600.46,950.03,200.00
76.2484,1600.09,0.00,200.00,269771.83,267537.74,22760982.21,1400.07,50.00,18161.54,8502.53,500.01,50.00,3750.50,800.02,100.00
76.5484,1100.04,0.00,250.00,275069.41,262955.32,20176966.58,1400.07,50.00,18461.93,7401.92,400.01,0.00,3150.35,850.03,250.00
76.8484,1500.08,0.00,350.00,257350.39,266824.83,20327877.70,1600.09,100.00,17560.79,6651.55,400.01,50.00,2800.28,400.01,300.00
77.1484,1000.03,0.00,150.00,263763.43,266315.63,20575397.23,1800.11,150.00,18762.32,7351.90,350.00,0.00,3050.33,700.02,100.00
77.4484,9753.22,0.00,300.00,256943.31,297307.37,19254835.44,1650.09,50.00,17660.91,7201.82,3550.45,50.00,4250.64,900.03,50.00
77.7485,1250.05,0.00,100.00,937169.43,255422.88,19923633.59,1350.06,200.00,17911.23,8852.75,150.00,0.00,3400.41,750.02,350.00
78.0485,900.03,0.00,350.00,235358.78,245961.91,19893456.14,1750.11,100.00,17410.61,7001.72,300.00,0.00,3900.54,750.02,250.00
78.3485,850.02,0.00,350.00,249414.31,226042.65,19929709.67,1350.06,50.00,17260.43,7451.95,200.00,150.00,2950.31,800.02,150.00
78.6485,1550.08,0.00,300.00,256739.77,237726.71,20099302.63,1250.05,250.00,19162.85,7301.87,350.00,0.00,2700.26,1200.05,150.00
78.9485,750.02,0.00,250.00,251550.54,229699.27,19773271.59,1450.07,0.00,17310.49,8052.27,350.00,0.00,3750.50,600.01,250.00
79.2485,1300.06,0.00,350.00,249922.90,217615.60,19543634.10,1150.05,100.00,17560.79,7001.72,400.01,0.00,3550.45,600.01,100.00
79.5485,1500.08,0.00,350.00,246058.03,201181.57,19180036.44,1500.08,250.00,16409.42,6951.69,400.01,0.00,3200.36,750.02,150.00
79.8486,1000.03,0.00,450.01,254501.05,222386.94,19015660.07,1100.04,250.00,17210.37,7852.16,200.00,0.00,3600.46,700.02,200.00
80.1486,1150.04,0.00,150.00,251143.60,234169.70,19613443.32,1400.07,50.00,17260.43,6951.69,450.01,100.00,3350.40,650.01,200.00
80.4486,950.03,50.00,300.00,248397.17,243114.65,19536053.93,1800.11,350.00,16859.95,8052.27,550.01,0.00,3400.41,850.03,150.00
80.7486,750.02,0.00,200.00,241380.83,221980.83,19682357.25,1500.08,200.00,17861.16,7952.22,400.01,0.00,3000.32,650.01,100.00
81.0486,750.02,0.00,450.01,259182.40,249420.04,20333547.91,2250.18,0.00,17911.23,8702.66,450.01,0.00,3850.52,750.02,350.00
81.3486,1000.03,0.00,400.01,243210.86,237726.71,20629174.69,1700.10,100.00,19112.78,7902.19,500.01,50.00,3200.36,500.01,50.00
81.6487,1050.04,0.00,400.01,248295.46,245453.44,19270389.72,1300.06,50.00,17761.04,8352.45,650.01,0.00,3000.32,700.02,100.00
81.9487,1050.04,0.00,250.00,254501.05,238641.50,21606479.94,1700.10,50.00,14707.57,6601.53,650.01,0.00,3450.42,500.01,450.01
82.2487,850.02,0.00,300.00,256027.42,261224.54,19008378.32,1450.07,50.00,17310.49,7902.19,500.01,50.00,3550.45,850.03,0.00
82.5487,1150.04,0.00,150.00,259080.64,238539.84,19984764.41,1500.08,0.00,18161.54,7552.00,300.00,0.00,3100.34,350.00,150.00
82.8487,850.02,0.00,200.00,258164.60,231527.91,19123561.16,1400.07,100.00,16409.42,8202.36,500.01,0.00,3400.41,450.01,100.00
83.1487,750.02,0.00,350.00,262847.12,241792.90,19672592.55,1250.05,50.00,17510.73,7952.22,550.01,0.00,2850.29,600.01,150.00
83.4487,750.02,0.00,250.00,259589.55,232543.92,19803437.10,2050.15,100.00,16059.03,6901.67,400.01,0.00,4000.57,600.01,100.00
83.7487,650.01,0.00,300.00,263050.73,250437.30,20163417.77,1250.05,100.00,16709.77,6551.50,450.01,100.00,3450.42,1000.04,450.01
84.0488,7051.69,0.00,450.01,264170.70,245046.68,19120051.59,1500.08,200.00,18111.48,7001.72,450.01,50.00,3000.32,450.01,200.00
84.3488,1100.04,0.00,550.01,277107.45,237828.34,19135772.99,1900.13,50.00,17961.29,6651.55,650.01,50.00,3100.34,750.02,1200.05
84.6488,900.03,0.00,600.01,271401.66,247996.02,19426947.17,1700.10,150.00,18161.54,8002.24,300.00,0.00,3050.33,900.03,100.00
84.9488,850.02,0.00,600.01,275273.19,247690.89,18951067.43,1400.07,100.00,17811.10,6401.44,150.00,0.00,2400.20,400.01,100.00
85.2488,700.02,0.00,150.00,275171.29,269472.95,18803844.94,1950.13,50.00,16459.48,7802.13,550.01,0.00,2950.31,400.01,50.00
85.5488,1250.05,0.00,350.00,265392.58,309967.53,19251576.56,1650.09,50.00,18361.80,7802.13,12855.84,0.00,2950.31,700.02,150.00
85.8489,450.01,0.00,250.00,280063.09,310171.85,18695191.80,1400.07,50.00,18812.39,6451.46,450.01,0.00,3400.41,550.01,300.00
86.1489,800.02,0.00,350.00,272420.39,348525.63,19630633.01,1500.08,50.00,19463.26,6851.65,450.01,0.00,3100.34,750.02,250.00
86.4489,950.03,0.00,650.01,278330.40,353749.46,18434362.19,1250.05,200.00,17210.37,7051.74,350.00,50.00,3450.42,800.02,400.01
86.7489,700.02,50.00,600.01,269771.83,348525.63,18448973.43,2150.16,250.00,17961.29,7351.90,550.01,50.00,4500.72,850.03,600.01
87.0489,4450.67,0.00,400.01,294952.27,327137.45,18150350.39,1600.09,200.00,21365.97,7702.08,650.01,0.00,3100.34,500.01,450.01
87.3489,1300.06,0.00,350.00,285976.17,333990.58,19220909.69,1200.05,150.00,19513.32,8152.33,550.01,0.00,2700.26,700.02,150.00
87.6489,600.01,0.00,550.01,284548.66,331228.47,18401558.54,1250.05,50.00,18662.19,8152.33,350.00,50.00,3250.37,600.01,200.00
87.9490,650.01,0.00,400.01,315475.07,325910.35,19191758.85,1450.07,0.00,17610.85,8302.42,450.01,100.00,2800.28,700.02,1500.08
88.2490,800.02,0.00,350.00,1199578.42,326626.15,20727788.57,1300.06,100.00,17010.13,7852.16,500.01,0.00,3000.32,800.02,150.00
88.5490,650.01,50.00,350.00,276036.13,336548.51,19112769.85,1750.11,100.00,17961.29,7802.13,200.00,0.00,3400.41,750.02,400.01
88.8490,800.02,0.00,400.01,317620.90,335422.95,18299769.34,1250.05,100.00,17460.67,8852.75,350.00,0.00,3000.32,350.00,1300.06
89.1490,1800.11,100.00,350.00,302912.96,318243.38,18227536.85,1000.03,100.00,18461.93,8102.30,650.01,0.00,3200.36,450.01,300.00
89.4490,1100.04,0.00,500.01,779169.38,296797.12,18219204.63,2050.15,200.00,23068.62,8402.47,400.01,50.00,3150.35,750.02,200.00
89.7490,850.02,0.00,4100.57,238512.88,277827.95,19522970.66,1700.10,100.00,17210.37,8052.27,350.00,0.00,3050.33,850.03,2100.16
90.0491,650.01,50.00,600.01,278636.16,284148.27,18184144.83,1050.04,350.00,18461.93,7151.79,350.00,0.00,3600.46,450.01,250.00
90.3491,450.01,0.00,550.01,261014.65,291593.46,18699381.79,2100.15,700.02,19313.05,7802.13,4100.59,0.00,3850.52,700.02,150.00
90.6491,850.02,0.00,350.00,266716.41,278337.55,22172653.28,1150.05,300.00,16960.07,7952.22,500.01,100.00,2550.23,550.01,100.00
90.9491,600.01,0.00,400.01,261320.04,272936.65,18190089.60,800.02,100.00,16559.60,7852.16,400.01,150.00,4100.60,800.02,200.00
91.2491,1200.05,0.00,750.02,274763.72,276910.69,17810448.23,1350.06,250.00,18461.93,7602.03,400.01,50.00,3900.54,450.01,350.00
91.5491,700.02,0.00,400.01,272522.27,260308.33,17470844.50,1050.04,100.00,20064.09,6951.69,350.00,0.00,3550.45,500.01,150.00
91.8492,350.00,50.00,400.01,271299.78,227769.29,15337926.81,1250.05,50.00,18011.35,7101.77,200.00,0.00,2750.27,650.01,0.00
92.1492,200.00,100.00,650.01,241380.83,181323.05,12118692.61,900.03,50.00,17010.13,8602.59,200.00,0.00,2300.19,350.00,100.00
92.4492,300.00,0.00,250.00,231522.97,143605.33,9331528.32,550.01,50.00,17861.16,7752.11,150.00,0.00,2500.22,400.01,250.00
92.7492,500.01,0.00,200.00,221773.22,111425.11,7738545.82,400.01,100.00,18361.80,8202.36,100.00,50.00,1700.10,50.00,150.00
93.0492,400.01,0.00,50.00,212537.23,96519.14,5947679.00,300.00,0.00,17660.91,7151.79,350.00,0.00,2550.23,250.00,200.00
93.3492,200.00,0.00,100.00,198238.00,70570.76,4820154.99,250.00,100.00,18862.45,7852.16,350.00,0.00,1450.07,150.00,200.00
93.6492,400.01,0.00,150.00,194082.68,62634.55,3815059.75,550.01,0.00,16359.37,7702.08,100.00,0.00,1550.09,100.00,150.00
93.9493,350.00,0.00,100.00,182130.02,43866.04,3310673.78,200.00,0.00,18712.25,7001.72,100.00,50.00,1350.06,100.00,50.00
94.2493,350.00,0.00,200.00,174436.83,40055.07,2536075.51,350.00,100.00,18612.12,8152.33,150.00,350.00,1600.09,200.00,50.00
94.5493,300.00,0.00,150.00,182332.52,33137.70,1987449.97,350.00,100.00,17911.23,6901.67,100.00,0.00,1700.10,50.00,200.00
94.8493,150.00,0.00,0.00,176967.04,25322.02,1640791.31,150.00,50.00,17811.10,7201.82,0.00,0.00,1450.07,100.00,50.00
95.1493,250.00,0.00,0.00,179092.75,20214.03,1477763.86,100.00,0.00,16559.60,6851.65,50.00,0.00,750.02,50.00,50.00
95.4493,150.00,0.00,100.00,174538.04,17810.90,1165341.32,150.00,200.00,17360.55,8202.36,0.00,0.00,1400.07,0.00,50.00
95.7493,250.00,0.00,200.00,174234.44,13005.81,982325.10,100.00,50.00,18311.73,8152.33,200.00,0.00,1200.05,50.00,200.00
96.0494,250.00,0.00,100.00,174639.23,10703.94,816941.60,50.00,50.00,15508.42,8152.33,0.00,0.00,1050.04,150.00,100.00
96.3494,200.00,0.00,100.00,176764.61,11704.71,762919.82,50.00,0.00,17610.85,7552.00,0.00,0.00,1200.05,0.00,150.00
96.6494,200.00,0.00,50.00,172918.93,9002.78,589002.93,0.00,50.00,19112.78,7802.13,0.00,0.00,1400.07,50.00,100.00
96.9494,200.00,0.00,50.00,167253.43,7301.83,500992.04,0.00,200.00,18862.45,7501.97,0.00,0.00,1100.04,50.00,100.00
97.2494,250.00,0.00,0.00,176967.04,5100.89,425439.55,0.00,150.00,18962.58,8102.30,50.00,0.00,1100.04,50.00,200.00
97.5494,250.00,0.00,100.00,168264.97,5100.89,407948.44,50.00,150.00,15408.31,8952.81,50.00,0.00,1150.05,0.00,200.00
97.8495,100.00,0.00,0.00,175954.91,5200.93,330108.35,200.00,250.00,17660.91,7552.00,0.00,0.00,1300.06,0.00,300.00
98.1495,50.00,0.00,0.00,172817.74,3700.47,292515.55,50.00,150.00,16559.60,8052.27,0.00,0.00,950.03,0.00,100.00
98.4495,250.00,0.00,150.00,169377.73,4300.64,251762.77,50.00,100.00,18562.06,7602.03,0.00,0.00,1050.04,50.00,200.00
98.7495,150.00,0.00,150.00,165230.58,3000.31,216602.78,0.00,50.00,17210.37,9303.03,100.00,0.00,1050.04,100.00,200.00
99.0495,200.00,0.00,150.00,163511.36,2200.17,204225.44,50.00,150.00,18862.45,7501.97,0.00,0.00,750.02,0.00,250.00
99.3495,300.00,0.00,100.00,168062.66,2500.21,200575.12,50.00,100.00,17210.37,7351.90,50.00,0.00,1200.05,0.00,150.00
99.6495,200.00,0.00,150.00,175651.28,2300.18,169179.38,100.00,200.00,17410.61,8702.66,0.00,0.00,1350.06,0.00,150.00
99.9496,350.00,0.00,50.00,163915.87,2000.14,158964.99,100.00,50.00,17460.67,7301.87,50.00,0.00,1050.04,0.00,350.00
100.2496,250.00,0.00,50.00,170692.94,1800.11,132400.59,50.00,200.00,18061.42,8652.62,0.00,0.00,1100.04,0.00,150.00
100.5496,100.00,0.00,200.00,170187.07,2100.15,160784.85,0.00,50.00,19863.81,8502.53,50.00,50.00,1150.05,150.00,250.00
100.8496,50.00,0.00,200.00,181117.52,3600.45,118077.92,50.00,150.00,18261.67,7652.05,50.00,0.00,1350.06,0.00,50.00
101.1496,100.00,0.00,200.00,171198.82,2400.20,113642.75,100.00,50.00,18562.06,7251.84,0.00,0.00,1350.06,50.00,200.00
101.4496,200.00,0.00,0.00,168264.97,1900.12,108604.43,50.00,50.00,17010.13,7401.92,50.00,0.00,1400.07,0.00,400.01
101.7496,200.00,0.00,50.00,171097.64,2100.15,97526.26,50.00,100.00,17710.98,7401.92,0.00,0.00,1100.04,0.00,150.00
102.0497,100.00,0.00,250.00,169276.57,1600.09,106488.87,50.00,0.00,18411.86,7051.74,0.00,0.00,1000.04,0.00,100.00
102.3497,100.00,0.00,100.00,174841.64,1600.09,91386.53,0.00,100.00,16459.48,5901.22,0.00,0.00,850.03,0.00,250.00
102.6497,0.00,0.00,0.00,168973.08,1500.08,97526.26,200.00,50.00,18261.67,6801.62,0.00,0.00,1150.05,0.00,250.00
102.9497,200.00,0.00,150.00,169681.23,2500.21,107999.95,100.00,0.00,15508.42,7401.92,50.00,0.00,800.02,0.00,300.00
103.2497,350.00,0.00,0.00,176764.61,1800.11,95814.93,50.00,50.00,17761.04,7201.82,0.00,0.00,1150.05,0.00,0.00
103.5497,200.00,0.00,0.00,170187.07,1900.12,99539.84,150.00,200.00,19313.05,7151.79,100.00,0.00,1000.04,100.00,50.00
103.8498,150.00,0.00,50.00,177675.59,1100.04,94204.45,50.00,0.00,16109.08,7852.16,50.00,0.00,1100.04,50.00,50.00
104.1498,200.00,0.00,100.00,175246.45,1900.12,87060.08,50.00,150.00,19012.65,7351.90,50.00,0.00,1050.04,0.00,100.00
104.4498,50.00,50.00,100.00,179193.98,1900.12,90883.39,50.00,250.00,19513.32,7902.19,100.00,0.00,1300.06,0.00,100.00
104.7498,0.00,50.00,50.00,170187.07,1900.12,90179.02,0.00,100.00,18461.93,7602.03,0.00,0.00,950.03,50.00,50.00
105.0498,200.00,0.00,0.00,160983.48,1400.07,91084.64,0.00,0.00,18261.67,7201.82,100.00,0.00,1150.05,50.00,100.00
105.3498,200.00,0.00,0.00,167759.19,1300.06,89977.78,0.00,50.00,17861.16,7351.90,50.00,0.00,950.03,0.00,50.00
105.6498,450.01,0.00,50.00,167253.43,1600.09,89575.31,100.00,100.00,19112.78,7101.77,100.00,0.00,900.03,50.00,100.00
105.9499,150.00,0.00,100.00,171300.00,1100.04,96620.23,200.00,50.00,19663.53,8002.24,100.00,0.00,950.03,50.00,50.00
106.2499,100.00,0.00,50.00,168669.60,1400.07,76701.95,0.00,150.00,19162.85,7952.22,50.00,0.00,1100.04,50.00,50.00
106.5499,200.00,0.00,150.00,178282.92,1200.05,85148.80,0.00,100.00,19513.32,8902.78,200.00,0.00,1000.04,50.00,150.00
106.8499,250.00,0.00,100.00,175550.07,1900.12,84042.39,0.00,50.00,16059.03,8552.56,50.00,0.00,1050.04,50.00,0.00
107.1499,150.00,0.00,100.00,176865.83,1300.06,77204.60,50.00,0.00,18211.61,7602.03,50.00,0.00,1650.10,0.00,250.00
107.4499,50.00,50.00,50.00,172109.44,1300.06,80220.88,50.00,250.00,17260.43,6901.67,150.00,0.00,1150.05,0.00,200.00
107.7499,50.00,0.00,250.00,165938.55,1400.07,83941.81,50.00,50.00,17060.19,7752.11,150.00,0.00,1550.09,50.00,300.00
108.0500,50.00,0.00,100.00,167354.59,1300.06,79014.29,200.00,150.00,16609.65,7702.08,50.00,0.00,1100.04,0.00,150.00
108.3500,100.00,0.00,50.00,172817.74,900.03,80723.65,200.00,50.00,16509.54,7351.90,0.00,0.00,1600.09,0.00,50.00
108.6500,50.00,0.00,0.00,165736.27,2100.15,78511.58,0.00,100.00,18461.93,9202.97,0.00,0.00,1300.06,50.00,50.00
108.9500,100.00,50.00,50.00,165736.27,1900.12,74591.00,150.00,100.00,16910.01,7401.92,50.00,0.00,850.03,0.00,150.00
109.2500,50.00,0.00,0.00,169681.23,2000.14,72480.36,50.00,50.00,16309.31,6951.69,100.00,0.00,1050.04,0.00,150.00
109.5500,200.00,0.00,50.00,167455.74,1300.06,77204.60,50.00,150.00,17610.85,8002.24,0.00,0.00,1000.04,0.00,0.00
109.8501,100.00,0.00,50.00,164623.77,1500.08,78511.58,0.00,50.00,16809.89,7251.84,0.00,0.00,1100.04,0.00,150.00
110.1501,100.00,0.00,50.00,166646.55,1100.04,84042.39,50.00,0.00,19963.95,7852.16,0.00,0.00,1250.06,0.00,150.00
110.4501,200.00,0.00,150.00,173930.85,1700.10,77204.60,50.00,100.00,18011.35,7902.19,0.00,0.00,1250.06,0.00,250.00
110.7501,50.00,0.00,50.00,170895.29,1800.11,77204.60,100.00,100.00,18261.67,7702.08,0.00,0.00,1300.06,0.00,100.00
111.0501,50.00,0.00,100.00,162297.92,1600.09,75596.18,50.00,0.00,16960.07,5901.22,0.00,0.00,1600.09,0.00,150.00
111.3501,100.00,0.00,50.00,162803.52,1300.06,78511.58,100.00,250.00,17160.31,6451.46,0.00,0.00,1500.08,50.00,150.00
111.6501,350.00,0.00,50.00,168669.60,1200.05,72480.36,0.00,50.00,16960.07,7652.05,0.00,50.00,1100.04,0.00,150.00
111.9502,300.00,50.00,0.00,180307.58,1200.05,72882.36,0.00,100.00,18762.32,7351.90,0.00,0.00,900.03,100.00,0.00
112.2502,100.00,0.00,50.00,167253.43,1000.03,79014.29,100.00,100.00,17861.16,8552.56,250.00,0.00,900.03,0.00,250.00
112.5502,50.00,0.00,100.00,170085.90,2000.14,81125.89,200.00,0.00,19513.32,7451.95,100.00,0.00,1450.07,100.00,150.00
112.8502,50.00,0.00,100.00,165331.71,1300.06,80421.98,150.00,0.00,15858.80,8202.36,0.00,0.00,1650.10,50.00,150.00
113.1502,200.00,0.00,150.00,166140.83,1700.10,74389.97,50.00,100.00,18461.93,7602.03,100.00,50.00,1150.05,0.00,50.00
113.4502,150.00,0.00,100.00,173829.65,1600.09,85752.34,50.00,0.00,16509.54,6401.44,100.00,0.00,1150.05,0.00,200.00
113.7502,250.00,0.00,50.00,166545.41,1200.05,76299.84,100.00,0.00,17060.19,7902.19,150.00,0.00,700.02,0.00,50.00
114.0503,200.00,0.00,0.00,172412.99,1100.04,77606.74,50.00,100.00,18762.32,6851.65,0.00,0.00,1000.04,0.00,300.00
114.3503,150.00,0.00,0.00,169681.23,1900.12,76701.95,100.00,100.00,17010.13,8152.33,300.00,0.00,900.03,50.00,0.00
114.6503,300.00,0.00,100.00,174436.83,2200.17,81628.69,200.00,50.00,18812.39,7552.00,50.00,0.00,650.01,0.00,100.00
114.9503,100.00,0.00,200.00,170996.46,1100.04,78813.20,100.00,100.00,17660.91,7752.11,0.00,0.00,800.02,0.00,250.00
115.2503,150.00,0.00,100.00,165028.31,1000.03,76701.95,50.00,100.00,18361.80,7301.87,100.00,0.00,950.03,50.00,150.00
115.5503,200.00,0.00,0.00,170996.46,1300.06,78913.75,50.00,100.00,16509.54,6901.67,0.00,0.00,850.03,0.00,100.00
115.8504,250.00,50.00,150.00,163511.36,800.02,79818.67,100.00,0.00,16709.77,7351.90,50.00,0.00,900.03,0.00,100.00
116.1504,100.00,0.00,50.00,167961.50,1500.08,77204.60,100.00,50.00,17710.98,6951.69,0.00,0.00,1000.04,100.00,50.00
116.4504,100.00,0.00,0.00,170389.42,1300.06,73686.40,50.00,100.00,18361.80,6201.35,0.00,0.00,950.03,0.00,50.00
116.7504,150.00,0.00,50.00,171097.64,2200.17,79215.38,0.00,50.00,17911.23,7752.11,50.00,0.00,1250.06,0.00,50.00
117.0504,150.00,0.00,0.00,166343.12,2300.18,82433.21,50.00,50.00,17210.37,8402.47,150.00,0.00,1550.09,0.00,50.00
117.3504,200.00,0.00,50.00,169681.23,1100.04,77606.74,100.00,0.00,16759.83,8452.50,50.00,0.00,1250.06,0.00,150.00
117.6504,50.00,0.00,0.00,168062.66,1300.06,72681.35,50.00,150.00,18812.39,6501.48,0.00,0.00,1250.06,0.00,100.00
117.9505,200.00,0.00,50.00,168467.29,1500.08,71575.89,50.00,150.00,18962.58,7752.11,50.00,0.00,1200.05,0.00,100.00
118.2505,150.00,0.00,50.00,171704.71,1100.04,67154.85,100.00,250.00,16709.77,6601.53,0.00,0.00,950.03,0.00,200.00
118.5505,100.00,0.00,50.00,175145.25,1600.09,73485.39,50.00,250.00,16960.07,7451.95,0.00,50.00,1500.08,50.00,100.00
118.8505,350.00,0.00,100.00,163612.49,1400.07,78310.50,50.00,0.00,17811.10,7201.82,0.00,0.00,1550.09,0.00,100.00
119.1505,300.00,0.00,150.00,172109.44,1500.08,78411.04,100.00,0.00,19162.85,6501.48,0.00,0.00,1700.10,0.00,50.00
119.4505,200.00,0.00,50.00,166646.55,900.03,78310.50,100.00,150.00,18562.06,8052.27,50.00,0.00,850.03,0.00,150.00
119.7505,100.00,0.00,50.00,169580.07,2100.15,80623.10,50.00,150.00,17510.73,8802.72,0.00,50.00,700.02,50.00,50.00
120.0506,350.00,0.00,0.00,165028.31,1100.04,75294.62,50.00,100.00,17260.43,7802.13,100.00,0.00,1100.04,50.00,250.00


          Printed:24/08/2021 13:29:43
